-11,46,32,115,GREEN,
-14,96,35,126,GREEN,
-16,169,14,124,GREEN,
-15,213,5,124,GREEN,
-12,261,14,132,GREEN,
-22,322,16,133,GREEN,
64,-34,464,141,BLACK,
-16,484,15,425,RED,
-4,473,5,48,BLACK,
69,472,5,50,BLACK,
147,469,7,30,BLACK,
206,467,10,38,BLACK,
268,465,13,20,GREEN,
204,192,16,21,BLACK,
204,178,12,18,PURPLE,
313,332,16,40,GREEN,
287,278,15,36,GREEN,
312,139,24,26,GREEN,
338,106,12,16,GREEN,
352,49,451,60,BLACK,
406,328,29,102,GRAY,
350,40,11,61,BLUE,
-18,-33,31,94,RED,
204,-13,22,93,RED,
203,14,7,25,BLACK,
