-7,79,7,31,BLUE,
41,125,5,29,BLUE,
-4,162,12,26,BLUE,
31,187,15,38,BLUE,
2,222,5,21,BLUE,
38,248,10,23,BLUE,
61,7,430,65,BLACK,
-6,461,17,48,BLACK,
0,291,13,61,GREEN,
-2,313,27,63,GREEN,
-1,364,14,61,GREEN,
-1,415,2,62,GREEN,
-1,429,6,62,GREEN,
-2,477,20,32,RED,
-8,493,7,425,BLACK,
61,-16,27,63,RED,
37,485,6,279,BLUE,
177,476,8,58,GREEN,
130,248,29,42,BLACK,
266,331,36,27,BLACK,
130,273,13,42,RED,
267,363,10,27,RED,
126,44,9,18,PURPLE,
126,66,16,81,BLACK,
210,63,20,131,BLACK,
389,66,433,48,BLACK,
323,284,31,62,GREEN,
-10,-26,21,509,RED,
333,-7,7,70,BLACK,
329,-11,12,114,BLACK,
336,86,8,12,BLACK,
