-5,40,17,159,BLACK,
168,1,54,44,BLACK,
40,75,21,418,BLACK,
308,26,21,32,BLACK,
382,27,16,26,BLACK,
444,59,14,15,BLACK,
437,28,46,27,BLACK,
439,24,74,31,BLACK,
-6,115,29,221,BLACK,
227,114,31,273,BLACK,
14,159,17,499,BLACK,
-16,322,41,496,BLACK,
1,285,22,68,BLACK,
133,259,22,77,BLACK,
265,288,12,62,BLACK,
355,261,20,72,BLACK,
439,220,104,42,BLACK,
387,460,23,132,BLACK,
233,439,23,78,BLACK,
118,409,18,76,BLACK,
292,65,13,162,RED,
246,33,46,49,BLACK,
230,59,18,25,BLACK,
-16,310,15,461,RED,
55,410,106,33,BLACK,
92,467,35,424,RED,
