0,457,16,179,BLACK,
24,67,40,34,BLACK,
47,92,25,29,BLACK,
67,108,21,35,BLACK,
61,124,10,31,BLACK,
55,130,12,21,BLACK,
38,138,27,29,BLACK,
19,160,24,35,BLACK,
9,180,19,21,BLACK,
94,96,25,20,BLACK,
105,84,21,13,BLACK,
114,66,29,10,BLACK,
146,80,67,55,GRAY,
128,64,100,19,BLACK,
143,145,17,72,BLACK,
146,59,20,71,BLACK,
197,58,98,20,BLACK,
243,59,80,60,GRAY,
224,46,94,23,BLACK,
235,130,16,77,BLACK,
294,45,99,18,BLACK,
191,207,162,27,BLACK,
191,342,25,113,BLACK,
318,237,78,39,GRAY,
298,213,115,19,BLACK,
306,309,16,63,BLACK,
316,211,21,59,BLACK,
353,218,96,16,BLACK,
383,193,51,59,BLACK,
384,242,34,18,BLACK,
384,275,19,47,BLACK,
409,291,35,27,BLACK,
378,327,15,56,BLACK,
463,198,149,25,BLACK,
446,190,14,69,BLACK,
-10,481,17,515,RED,
