0,57,8,55,BLACK,
107,54,11,56,BLACK,
204,42,11,25,BLACK,
275,33,6,24,BLACK,
333,30,15,9,BLACK,
399,25,101,65,BLACK,
34,181,19,470,RED,
453,171,5,49,BLACK,
356,171,5,34,BLACK,
272,164,9,32,BLACK,
181,169,7,51,BLACK,
100,168,7,48,BLACK,
34,153,48,37,BLACK,
0,215,21,46,BLACK,
52,233,12,406,BLACK,
31,354,25,477,RED,
410,345,5,99,BLACK,
291,324,15,79,BLACK,
171,304,18,81,BLACK,
30,301,81,57,BLACK,
-3,412,11,471,BLACK,
31,493,4,477,RED,
446,468,14,40,BLACK,
339,472,13,41,BLACK,
226,473,9,47,BLACK,
130,473,12,61,BLACK,
39,479,4,57,BLACK,
17,450,52,21,BLACK,
7,85,13,392,RED,
464,30,10,5,BLACK,
491,86,3,11,BLACK,
464,107,8,8,BLACK,
489,125,7,13,BLACK,
418,176,4,10,BLACK,
-2,246,5,459,RED,
119,332,1,19,BLACK,
