-4,47,7,495,BLACK,
10,80,18,507,BLACK,
-16,156,36,197,RED,
281,155,29,231,RED,
210,174,24,32,BLACK,
45,125,17,38,BLACK,
297,125,2,156,BLACK,
270,141,14,17,BLACK,
48,246,13,468,RED,
75,236,2,131,BLACK,
20,231,44,38,BLACK,
18,361,27,500,RED,
-1,432,16,465,RED,
21,304,6,52,BLACK,
130,307,5,35,BLACK,
205,308,8,19,BLACK,
270,307,11,23,BLACK,
331,309,9,38,BLACK,
424,317,6,28,BLACK,
-5,325,11,457,RED,
20,354,6,491,BLACK,
1,408,10,76,BLACK,
124,425,3,54,BLACK,
228,419,14,55,BLACK,
327,425,10,68,BLACK,
419,427,10,46,BLACK,
32,468,29,40,BLACK,
121,485,11,78,BLACK,
262,482,16,63,BLACK,
393,485,13,108,BLACK,
30,493,9,482,RED,
