-2,54,2,69,BLACK,
54,111,17,38,GREEN,
59,179,11,33,GREEN,
58,218,10,33,GREEN,
61,267,7,27,GREEN,
60,297,4,27,GREEN,
61,321,9,34,GREEN,
63,353,10,31,GREEN,
27,73,290,34,BLACK,
31,385,73,23,BLACK,
-1,453,43,33,RED,
-5,381,75,36,BLACK,
36,485,12,333,GREEN,
143,275,28,37,BLACK,
231,183,37,30,BLACK,
142,257,17,38,GREEN,
229,168,16,33,GREEN,
153,65,14,50,BLACK,
91,2,349,50,BLACK,
138,-13,93,15,BLACK,
236,65,14,136,BLACK,
370,82,22,94,RED,
404,71,2,23,BLACK,
419,137,6,82,BLACK,
375,259,5,57,GREEN,
373,264,9,57,BLACK,
373,235,31,58,GREEN,
437,233,30,14,BLACK,
432,159,113,21,BLACK,
434,313,38,23,BLACK,
-9,491,26,396,BLACK,
270,60,444,118,BLACK,
434,353,6,78,BLACK,
458,336,10,43,GREEN,
389,439,10,60,RED,
409,431,3,23,BLACK,
388,273,6,66,RED,
438,490,3,62,RED,
458,478,3,22,BLACK,
