-6,35,6,479,BLACK,
33,68,15,470,BLUE,
-8,105,20,478,BLUE,
472,103,24,31,GREEN,
4,155,19,28,PURPLE,
1,178,7,33,BLACK,
-4,214,20,226,RED,
245,212,25,262,RED,
44,195,11,69,BLACK,
468,188,3,20,BLACK,
421,341,23,103,GRAY,
353,308,178,75,BLACK,
-2,480,21,436,RED,
106,462,7,64,BLACK,
243,222,190,23,BLACK,
215,398,13,36,RED,
239,232,164,8,WHITE,
188,476,3,36,BLACK,
240,476,4,45,BLACK,
305,475,5,28,BLACK,
338,471,8,17,GREEN,
282,198,10,94,BLACK,
403,175,15,22,BLACK,
140,202,5,70,BLACK,
268,224,13,249,BLACK,
264,221,29,240,BLACK,
